转xy前

	原点： 0.408468, 0.2122645, -0.1368625
	theta: 4.69334679077


step0:
	抓取点：0.103382, 0.000914, 0.050107
	1: 0.092874, 0.000901, 0.039511
	2: 0.093406, 0.000719, 0.028571
	3: 0.091741, 0.001272, 0.018426
	4: 0.091322, 0.000815, 0.007627
	5: 0.083402, 0.001442, 0.040504
	6: 0.083291, 0.000120, 0.030100
	7: 0.082564, 0.000528, 0.018906
	8: 0.082158, 0.000491, 0.009015
	9: 0.071385, 0.000292, 0.042315
	10: 0.070644,0.000282,0.030214
	11: 0.071189, 0.000519, 0.020181
	12: 0.070770, 0.000063, 0.009382 


step0:
	抓取点：0.144014, 0.003826, 0.087760
	1: 0.114092,0.007331, 0.064258
	2: 0.107050, 0.006892, 0.051288
	3: 0.103499, 0.006039, 0.039597
	4: 0.100564, 0.005928, 0.026468
	5: 0.099508, 0.007833, 0.059669
	6: 0.096289, 0.006949, 0.050189
	7: 0.094013, 0.005947, 0.039662
	8: 0.091407, 0.005390, 0.027834
	9: 0.082746, 0.006139, 0.057184
	10: 0.081744, 0.004988, 0.047821
	11: 0.081358, 0.004580, 0.037019
	12: 0.079702, 0.005149, 0.026873